王冰冰 女 1001 123456 100.000000 100.000000 100.000000 2 0
李六 男 1002 123456 65.000000 63.000000 63.000000 0 0
张七 男 1003 123456 75.000000 70.000000 95.000000 0 0
吴八 男 1004 123456 95.000000 90.000000 100.000000 0 0
张哥 男 1005 123456 95.000000 100.000000 65.000000 0 0
小球刀 男 1006 888888 60.000000 60.000000 60.000000 0 0
李白 男 1007 222222 100.000000 100.000000 100.000000 0 0
王伟 男 1008 333333 100.000000 100.000000 100.000000 0 0
mikke 女 1009 123456 60.000000 60.000000 60.000000 0 0
pop 男 1010 123456 50.000000 50.000000 50.000000 -1 0
bob 男 1011 123456 50.000000 50.000000 50.000000 0 0
lol 男 1012 123456 60.000000 60.000000 60.000000 0 0
王二 男 1013 123456 90.000000 50.000000 20.000000 1 0
王三三 女 1014 123456 1000.000000 1000.000000 1000.000000 0 0
王四 男 1015 123456 100.000000 100.000000 100.000000 -1 0
小王 男 1016 123456 56.000000 61.000000 52.000000 0 0
ddfsd n 1017 123456 452.000000 52.000000 52.000000 0 0
dd d 1018 123456 52.000000 52.000000 52.000000 0 0
ddf b 1019 123456 52.000000 52.000000 52.000000 0 0
